351.09799194 28.02940750
11.66445827 90.96693420
48.36179733 146.35139465
57.15389252 186.81536865
60.42266846 78.60597992
519.10107422 297.53234863
1206.89648438 143.79310608
83.60855103 11.14690208
100.77363586 141.63204956
106.77700806 128.28634644
148.28410339 244.09774780
142.79240417 187.96290588
521.40795898 282.43475342
173.95645142 172.65754700
189.72116089 186.38940430
193.77447510 179.56063843
32.48892212 351.38253784
100.52056885 129.40818787
229.97956848 43.40448761
232.99035645 15.24732876
229.32841492 224.63034058
244.22462463 25.38491821
249.34762573 118.55563354
259.30673218 163.35313416
270.73312378 157.08476257
276.93789673 69.40876007
287.20828247 44.74386597
297.78411865 113.87505341
297.82058716 97.39529419
300.58972168 107.56542206
287.37149048 214.40275574
332.67553711 71.51978302
356.71301270 88.57598877
347.61868286 179.46488953
351.27554321 194.58317566
356.26257324 212.26473999
377.36889648 64.44882202
390.06552124 259.47717285
390.06552124 259.47717285
422.32061768 161.28276062
417.21377563 211.25366211
425.41284180 216.57287598
438.69866943 152.31298828
443.23706055 58.47786713
443.23706055 58.47786713
443.91809082 155.48463440
453.95596313 156.03829956
458.82958984 132.46270752
422.56243896 276.91259766
652.35845947 141.53764343
469.61831665 89.03154755
480.38973999 91.50225830
484.87298584 190.29252625
665.56018066 286.98941040
498.03369141 77.12893677
241.96957397 241.80055237
505.80291748 182.95233154
157.83166504 362.07846069
530.53479004 103.71332550
515.28222656 276.03280640
516.98425293 310.56552124
547.59277344 112.90953064
547.59277344 112.90953064
548.69354248 90.44143677
549.50762939 107.32756805
539.06115723 281.65579224
539.06115723 281.65579224
521.40795898 282.43475342
602.57238770 216.98953247
607.50860596 119.08023834
608.33245850 138.34759521
608.33245850 138.34759521
622.82006836 144.19805908
633.62487793 215.25715637
651.56134033 193.90586853
656.12487793 180.79006958
662.94879150 106.14249420
662.94879150 106.14249420
680.42401123 282.25131226
680.91430664 230.62654114
984.24340820 198.15895081
694.91925049 238.67097473
703.91168213 251.79017639
719.25665283 263.93862915
695.51007080 157.89500427
695.51007080 157.89500427
708.28009033 204.99966431
19.98382950 138.53881836
712.84588623 186.52191162
735.36163330 198.91865540
741.95660400 213.34809875
744.14868164 31.62125969
750.36621094 133.42883301
768.96197510 212.62231445
768.96197510 212.62231445
741.95660400 213.34809875
768.51574707 206.61267090
760.39471436 172.97724915
770.36145020 104.59152222
788.69061279 14.89976501
788.69061279 14.89976501
789.76904297 45.31696701
801.37731934 110.59009552
862.88555908 318.16079712
870.35333252 326.09814453
820.38885498 293.06927490
870.35333252 326.09814453
852.10626221 170.61642456
945.03234863 297.18588257
820.38885498 293.06927490
857.32250977 165.82087708
870.65405273 191.58283997
872.13165283 158.94947815
820.38885498 293.06927490
914.35852051 220.11174011
945.03234863 297.18588257
913.32366943 285.21539307
918.08178711 332.07519531
920.61303711 287.92532349
1075.09545898 344.36968994
984.24340820 198.15895081
984.24340820 198.15895081
989.00585938 166.96026611
1077.57360840 20.55544662
1085.69299316 48.62136841
1090.04479980 12.40679836
1098.90563965 118.55937958
1097.62109375 108.10182953
1125.01684570 241.88772583
284.85998535 242.36160278
832.63946533 168.04806519
1005.52484131 275.05532837
1091.70812988 362.59970093
1181.04919434 186.09397888
891.78668213 101.08977509
1207.14404297 176.53179932
1221.13403320 208.14468384
1234.02026367 173.03813171
775.67797852 225.64395142
905.07330322 94.61330414
739.96667480 48.57291412
46.85992432 124.00979614
521.40795898 282.43475342
287.20828247 44.74386597
287.20828247 44.74386597
80.66494751 84.88414001
134.96075439 186.84446716
134.96075439 186.84446716
192.64616394 96.77175903
176.01188660 164.93493652
217.46456909 158.57095337
229.24353027 116.38447571
240.96398926 118.45038605
259.00878906 138.62432861
286.84661865 160.06964111
293.57736206 150.80259705
278.03430176 201.90351868
314.03302002 217.13189697
391.71899414 146.95635986
398.79656982 132.37194824
401.35339355 95.03262329
417.52783203 109.58386230
410.41867065 193.15478516
423.33444214 92.24535370
444.33340454 76.50899506
447.08874512 119.42461395
451.57504272 126.28155518
451.18884277 135.80145264
460.09368896 73.49633026
467.09344482 143.30264282
505.39526367 79.20760345
504.27853394 88.89566040
678.79187012 155.09625244
520.62414551 97.08026123
527.44708252 110.34426880
543.75024414 155.73597717
554.77386475 82.94835663
586.45831299 182.99578857
604.47094727 225.85144043
617.40039062 156.41606140
623.97314453 203.88119507
638.34356689 223.95777893
638.42608643 125.99426270
652.35845947 141.53764343
670.13287354 178.29008484
678.79187012 155.09625244
685.50097656 154.53843689
692.40930176 150.27812195
724.74707031 267.29196167
732.79144287 294.14572144
705.62884521 194.48617554
708.54876709 159.69056702
702.85217285 228.76750183
785.56927490 338.86325073
724.77026367 180.22836304
724.77026367 180.22836304
729.84332275 185.79925537
760.17834473 237.94100952
730.37878418 125.84804535
733.72564697 132.67054749
743.14941406 80.89519501
745.75048828 43.26258469
775.04351807 243.82814026
751.90228271 144.44909668
763.61853027 35.82505035
768.96197510 212.62231445
780.33239746 111.17626190
798.93139648 128.09069824
831.51654053 115.63076019
833.73339844 167.32495117
944.47583008 137.33831787
945.97131348 214.37585449
905.05480957 286.05047607
1051.22131348 55.60800934
961.15386963 302.74807739
954.67065430 350.74868774
57.15389252 186.81536865
1073.14343262 58.98007584
933.05474854 291.97409058
984.24340820 198.15895081
1051.78283691 335.76187134
462.86123657 166.90379333
365.60015869 73.77950287
344.39691162 187.93977356
1112.03723145 355.23684692
1113.20336914 362.29556274
344.39691162 187.93977356
521.40795898 282.43475342
229.32841492 224.63034058
11.66445827 90.96693420
498.03369141 77.12893677
16.42185020 105.54620361
44.94120789 19.34908676
121.56780243 184.81703186
206.33677673 197.40994263
317.33261108 13.15193939
317.33261108 13.15193939
497.48391724 65.53527069
375.71679688 137.02963257
388.14190674 20.60955620
414.83819580 94.03942108
427.73385620 111.34457397
432.62063599 59.82094193
449.86245728 64.83551025
464.69708252 128.76214600
463.31921387 177.48048401
467.09344482 143.30264282
526.08935547 288.30404663
497.48391724 65.53527069
510.09295654 154.29899597
561.54919434 255.02546692
561.54919434 255.02546692
512.29272461 175.69497681
539.96600342 133.55314636
481.59625244 249.71119690
550.45379639 133.68995667
566.07635498 82.39345551
749.22265625 15.94338512
612.68914795 185.03387451
670.28851318 239.69528198
687.43731689 203.15858459
702.43103027 223.32330322
717.29077148 246.55029297
708.22845459 172.34403992
788.65740967 310.84149170
773.09637451 86.98049164
797.97998047 95.13748169
796.87823486 153.29066467
806.20166016 18.79992294
820.91638184 199.49922180
830.42327881 191.24751282
830.42327881 191.24751282
768.96197510 212.62231445
874.66790771 166.81410217
956.01843262 224.31488037
172.10012817 85.70959473
983.75341797 35.04666138
438.03808594 101.66696167
1071.49157715 155.07931519
303.42523193 337.07305908
1165.84692383 179.31169128
286.81686401 299.92459106
381.18539429 147.50665283
47.48893356 78.23033142
93.67619324 185.61421204
219.21903992 190.28115845
322.15899658 77.13121033
1234.50476074 129.88401794
355.13540649 75.27725220
399.67468262 154.78715515
416.79464722 155.09970093
427.73385620 111.34457397
432.62063599 59.82094193
432.69039917 193.45075989
449.48461914 191.44331360
463.42492676 158.53794861
465.87173462 196.15281677
516.98425293 310.56552124
516.98425293 310.56552124
568.56915283 104.93165588
607.58624268 151.39518738
640.54107666 131.86694336
684.64739990 333.16418457
676.58142090 175.11329651
721.13043213 279.53732300
729.62542725 169.42327881
732.36187744 148.99688721
749.22265625 15.94338512
751.65850830 26.90724373
760.15917969 175.96797180
821.57147217 125.84842682
838.50378418 203.95332336
834.13769531 151.20428467
981.31225586 228.15069580
874.66790771 166.81410217
962.18603516 99.93260956
1101.99389648 123.80474854
1194.62841797 202.73562622
55.94832993 93.81653595
57.24785614 174.77516174
74.04812622 181.01226807
92.54321289 118.57653046
92.94064331 138.05203247
92.94064331 138.05203247
120.39367676 140.19334412
188.33482361 141.44726562
189.21508789 171.55615234
1022.10534668 172.46672058
315.09762573 137.40284729
480.74063110 178.73284912
483.93927002 65.06115723
483.93927002 65.06115723
481.59625244 249.71119690
517.21105957 86.53298950
535.67010498 174.09170532
586.61273193 249.70695496
599.97021484 84.09118652
599.58160400 165.51071167
620.77258301 243.18638611
750.38623047 47.36932373
788.69427490 204.89347839
1089.02746582 30.42624855
365.60015869 73.77950287
498.03369141 77.12893677
521.40795898 282.43475342
207.74656677 176.79252625
341.86727905 140.86450195
464.42190552 60.24966812
559.50067139 86.68329620
628.01312256 114.39622498
681.15008545 189.63172913
703.80426025 166.31057739
717.41265869 151.28375244
717.41265869 151.28375244
750.64862061 116.67939758
711.36132812 268.95886230
893.18847656 188.18098450
1033.32885742 53.70472717
312.23022461 27.22993088
456.20425415 132.75587463
456.67953491 238.79518127
503.93496704 206.14442444
524.06445312 129.55210876
528.17218018 220.71122742
620.77258301 243.18638611
697.75866699 209.19927979
769.47210693 207.88833618
860.12500000 145.62998962
869.20672607 172.03845215
869.20672607 172.03845215
889.21191406 161.55252075
920.51165771 210.91560364
1033.32885742 53.70472717
410.79782104 131.56881714
418.20080566 39.52018738
441.65267944 73.16953278
525.95245361 88.87014008
588.94128418 101.16368866
846.08178711 228.53518677
1115.59545898 42.81813431
759.68054199 135.98509216
846.08178711 228.53518677
1057.99902344 91.25455475
846.64508057 138.65394592
476.12356567 94.51128387
658.26812744 201.55018616
595.84844971 146.07649231
727.92614746 200.08866882
691.61480713 90.15088654
818.39288330 81.81873322
