55.16957855 209.42480469
110.87355042 101.28527832
137.58880615 129.41677856
145.00399780 182.45811462
147.28547668 89.05247498
157.00787354 345.34634399
170.31059265 73.47782898
175.98762512 35.77534485
177.10624695 144.22778320
181.77416992 133.20480347
193.21868896 232.82890320
210.24653625 183.82365417
229.49427795 295.05929565
235.33537292 170.48962402
248.34156799 182.21862793
252.72177124 176.58427429
265.88449097 15.62915134
271.70712280 102.59149170
278.96997070 57.05103683
280.22943115 31.32728577
287.88583374 214.86988831
290.80969238 39.91397858
293.81646729 121.96897888
306.72259521 161.30154419
315.73977661 156.22506714
318.11346436 76.86498260
327.23388672 56.24268341
335.84277344 117.33489227
337.01248169 103.93581390
338.00277710 112.46450043
349.59902954 204.55775452
365.98663330 79.95851135
387.91232300 94.43566895
393.49697876 175.90625000
396.76446533 190.01684570
400.19265747 203.70877075
403.84426880 71.32756042
434.10299683 241.24664307
440.10284424 239.34289551
439.98718262 159.16333008
446.83749390 204.09524536
453.47723389 208.36943054
456.94406128 149.37983704
459.98474121 64.35974884
459.98474121 64.35974884
461.82296753 151.02462769
468.89981079 154.86921692
473.02783203 132.66049194
474.04003906 247.69737244
474.86328125 71.00173187
483.83349609 93.59259796
493.55465698 94.46156311
501.49560547 186.14860535
508.11553955 259.05780029
509.61053467 79.95162201
517.97003174 331.53775024
519.06036377 179.63423157
519.67468262 316.72790527
539.25823975 103.81757355
542.86663818 248.19583130
550.22137451 264.61651611
555.44836426 112.98279572
555.44836426 112.98279572
556.71697998 91.48316956
557.07287598 107.46115875
561.24432373 251.32112122
561.24432373 251.32112122
565.41973877 267.79464722
608.23632812 208.92417908
612.71630859 118.76344299
613.28686523 136.73739624
613.28686523 136.73739624
627.45220947 142.48039246
635.78875732 207.24324036
654.41973877 190.13201904
661.39691162 177.59767151
662.81518555 109.48725891
662.81518555 109.48725891
665.47521973 250.43656921
673.98406982 218.95701599
676.40338135 189.98786926
683.11486816 223.67414856
687.40856934 232.13871765
696.32373047 239.31251526
700.43499756 154.69729614
700.43499756 154.69729614
704.44708252 199.79817200
707.64489746 145.38191223
714.25067139 182.79100037
730.03955078 194.10728455
730.55407715 206.28242493
737.66583252 41.12705994
750.55346680 131.85530090
755.05273438 205.51934814
755.05273438 205.51934814
754.68365479 217.85308838
757.79003906 201.12658691
760.85583496 169.73442078
763.74652100 107.67489624
776.58746338 26.54101753
776.58746338 26.54101753
777.49627686 54.56615448
789.21948242 113.69525146
814.93560791 286.96936035
820.03857422 293.25350952
826.99450684 293.56826782
837.64361572 303.16455078
841.46282959 167.78680420
845.14733887 256.46893311
843.70239258 302.63510132
846.25677490 163.48062134
853.73522949 187.73310852
858.47271729 157.09289551
865.38922119 315.85571289
870.41900635 210.00090027
890.53948975 273.18066406
901.81530762 277.02737427
903.87347412 320.54556274
907.41448975 279.24215698
944.50762939 292.57525635
949.41503906 192.79466248
949.41503906 192.79466248
952.52459717 164.22703552
979.35125732 51.62352371
986.46649170 73.32250977
988.33575439 45.12077713
992.84741211 127.39808655
993.86444092 119.51261139
1005.85809326 223.81250000
1009.82769775 186.02346802
1014.96472168 64.94810486
1017.35772705 274.77758789
1060.98864746 347.58340454
1093.87780762 181.07336426
1103.63757324 14.71147442
1111.80102539 173.28871155
1120.33398438 199.19012451
1129.31994629 170.43460083
1158.49060059 270.92825317
1219.93029785 161.90617371
84.87117004 320.20660400
136.40649414 120.65846252
140.50866699 290.92037964
160.52615356 14.31052113
160.52615356 14.31052113
166.22795105 95.99024200
203.61184692 181.83071899
203.61184692 181.83071899
217.76976013 73.34169769
237.42536926 164.43128967
273.60354614 158.08981323
279.18365479 120.52199554
286.94238281 122.20544434
301.41394043 138.00840759
324.96820068 157.40513611
329.97738647 150.38630676
340.11654663 194.71896362
370.15078735 206.95954895
414.25653076 146.78077698
419.28723145 133.03732300
425.04565430 100.83742523
436.04629517 110.41934204
438.57611084 188.61196899
441.95150757 95.81851959
461.64147949 81.05773163
463.38781738 120.90933228
466.74218750 128.07716370
466.55862427 135.88963318
475.59210205 78.33091736
480.53735352 143.72419739
516.28198242 82.17630005
515.52471924 90.84597778
528.82147217 106.66519165
529.75097656 97.98041534
536.07177734 111.68057251
551.09906006 153.57913208
561.79309082 83.98742676
592.10321045 179.80937195
609.33441162 215.44126892
622.24176025 154.32272339
627.09997559 198.82801819
638.77185059 214.79780579
643.34411621 123.17998505
656.49072266 139.65052795
674.04705811 175.44039917
683.07415771 152.46566772
690.07202148 151.86587524
696.77081299 147.47877502
696.85803223 239.49606323
701.92132568 255.87724304
705.19787598 189.59640503
712.22381592 157.52183533
717.80853271 240.76541138
723.59472656 275.24450684
723.96539307 177.32484436
723.96539307 177.32484436
729.12103271 182.72134399
730.08996582 218.86627197
731.98034668 124.33223724
734.93267822 130.61148071
738.09417725 84.75117493
738.67584229 50.96568680
748.71972656 227.31507874
752.12945557 142.21771240
755.62188721 45.36324692
766.24871826 209.55325317
769.79553223 112.40128326
787.45532227 129.29650879
816.14007568 119.17811584
818.36492920 165.18440247
893.52996826 140.78591919
894.98553467 204.82487488
961.56341553 304.11328125
962.74194336 77.41315460
971.38861084 302.43835449
974.33557129 355.04098511
975.40747070 206.99284363
975.57678223 81.53703308
1004.31085205 314.04928589
1068.54370117 125.63583374
1069.71459961 338.02908325
1080.73962402 64.58735657
1099.10522461 77.59609985
1123.79443359 26.56241226
1141.25659180 361.26931763
1142.90649414 368.27008057
1159.10546875 122.73562622
10.69150448 248.86320496
10.69150448 248.86320496
80.92797852 99.04113770
80.53768158 314.29995728
114.16964722 112.99620819
138.92628479 41.31423950
194.10807800 179.98170471
265.87316895 190.79667664
344.02133179 22.85311890
344.02133179 22.85311890
400.01550293 17.49766731
402.80371094 140.10253906
412.55111694 31.95607185
434.58825684 97.22119904
444.53622437 111.90544891
451.77435303 64.52284241
466.06732178 69.98605347
478.01190186 128.24655151
477.73522949 175.07153320
480.19830322 141.98506165
503.85137939 314.94989014
507.93643188 69.73427582
520.22821045 152.12077332
522.30712891 302.35937500
522.30712891 302.35937500
522.80322266 172.84646606
548.17120361 134.84919739
549.81066895 216.79164124
557.50097656 131.33995056
572.51885986 83.86488342
582.23107910 81.99754333
617.39550781 181.78512573
663.15075684 224.72334290
684.40466309 197.46258545
693.49206543 213.49404907
696.67993164 227.82400513
712.44708252 169.49896240
732.92694092 261.88134766
762.69537354 91.02968597
786.41107178 101.43643951
787.02392578 153.01271057
792.05773926 30.54131508
805.03253174 193.92590332
814.51000977 186.21507263
814.51000977 186.21507263
815.43457031 226.15298462
860.80535889 164.20100403
899.21435547 212.61399841
912.62774658 173.41110229
920.72821045 56.99217987
969.03918457 126.12535858
977.33935547 156.03369141
979.04577637 214.55909729
1083.44165039 175.17964172
40.52318573 337.74722290
51.24969864 222.91268921
136.96263123 90.13025665
172.06045532 181.03552246
277.06350708 185.57048035
359.03512573 85.19976044
360.00057983 187.23805237
384.60375977 84.38114929
422.28442383 153.77061462
435.89636230 154.26261902
445.63836670 113.42681122
450.68215942 65.29302979
458.07000732 188.40727234
471.18203735 188.03825378
477.83312988 156.66763306
484.56372070 191.09092712
487.79837036 351.26626587
487.79837036 351.26626587
575.00805664 105.25801086
612.51556396 150.05491638
644.62670898 127.57323456
661.60229492 280.22048950
680.07781982 172.70578003
694.98980713 248.88517761
727.93090820 166.43110657
735.11389160 147.37133789
741.98315430 26.03076363
744.75427246 36.45701218
761.22082520 173.14489746
806.74456787 128.74621582
815.91192627 197.07810974
819.08892822 150.69866943
839.61950684 200.96829224
860.51348877 164.47900391
903.64300537 109.32950592
993.24737549 130.54005432
1102.46020508 196.10546875
143.63858032 103.06492615
143.70378113 170.95549011
156.64772034 180.71826172
171.54902649 121.18797302
171.03257751 141.24267578
171.03257751 141.24267578
192.53988647 142.07499695
247.73141479 143.49800110
248.28407288 169.98374939
324.82989502 187.58624268
352.37930298 138.77236938
493.80722046 176.41711426
496.38119507 69.03463745
496.38119507 69.03463745
513.15454102 231.69386292
525.96832275 89.52236176
544.00976562 171.35356140
594.91845703 231.45742798
604.90228271 84.69661713
604.78363037 162.60488892
622.75366211 227.55743408
743.34552002 55.67864227
803.56713867 206.08755493
987.48352051 58.94983292
1168.73803711 104.33568573
106.48470306 309.24761963
177.83569336 277.52597046
264.99975586 176.80770874
369.85427856 141.65954590
478.49627686 64.24978638
566.21154785 87.87268066
633.15447998 110.66593170
683.10351562 185.68159485
709.12933350 163.88296509
721.58862305 150.48783875
721.58862305 150.48783875
749.42071533 114.45356750
761.85986328 319.18014526
876.32672119 183.34472656
947.52850342 75.23633575
341.53625488 35.26503754
471.34884644 132.83328247
486.48831177 225.70816040
518.03070068 200.19366455
533.19525146 128.72424316
541.47729492 213.71745300
618.44476318 256.21179199
693.22216797 203.61299133
768.34906006 206.34124756
846.18872070 145.38130188
855.98553467 168.97117615
855.98553467 168.97117615
877.40051270 161.03822327
879.58734131 204.32107544
948.74841309 74.74826050
430.39669800 129.87301636
439.68209839 48.84634018
458.49761963 79.07636261
534.64434814 91.41404724
595.02850342 101.25934601
836.25958252 224.34716797
1000.90222168 65.85998535
752.98852539 135.61570740
953.49267578 249.66325378
969.19354248 102.53344727
832.86108398 133.86502075
488.52789307 97.27318573
648.44781494 208.66116333
603.85473633 143.66708374
727.31829834 201.43867493
694.08160400 95.41616058
802.18890381 83.26266479
